1 23556 1218797
2 23995 1199736
3 24510 1201106
4 21321 1250147
5 24221 1196076
6 20201 1201716
7 24131 1193636
8 20381 1185675
9 19891 1185626
10 20250 1230497
11 30711 1193486
12 20801 1187976
13 20180 1187896
14 20331 1207226
15 24841 1189336
16 19720 1186546
17 26111 1216516
18 24790 1203376
19 24961 1256447
20 25470 1213867
21 24530 1347830
22 44111 1744579
23 30931 1257927
24 24711 1194996
25 21090 1269628
26 26991 1218056
27 26260 1195316
28 21151 1187816
29 21160 1240377
30 24611 1187586
31 20661 1187966
32 20660 1214177
33 22391 1194115
34 22190 1186326
35 21440 1185046
36 20851 1233667
37 23501 1185516
38 21330 1199166
39 22340 1199906
40 22221 1188516
41 21820 1195546
42 22110 1221737
43 22890 1184936
44 21211 1186465
45 21440 1232187
46 25131 1265947
47 23300 1194686
48 21140 1631646
49 43065 1517993
50 40071 1191816
