1 21471 183655631
2 57851 170195056
3 62381 174894110
4 46010 166742536
5 52940 168365626
6 55101 165390901
7 39380 165976828
8 41720 164889045
9 55681 165794306
10 54100 165660724
11 51181 165352021
12 59551 166175720
13 60911 168882652
14 56850 186713517
15 65421 168438926
16 69630 170761703
17 75190 168487978
18 68961 167829139
19 70381 170179947
20 76611 175520488
21 78820 166836609
22 76501 166664886
23 77671 167561177
24 90281 167409156
25 89091 168178353
26 81800 169043025
27 98011 166346753
28 116021 167804849
29 101721 169903414
30 107221 166889649
31 105222 170836864
32 111381 172721486
33 146652 172125969
34 117191 171591074
35 114271 167488357
36 116301 167745999
37 111401 171256759
38 166222 168885792
39 124342 168268475
40 124551 171254880
41 127712 170184837
42 130632 168841933
43 167902 166966360
44 115072 168219975
45 129212 169334667
46 164401 170105997
47 131861 169402059
48 133381 170901347
49 135431 176893525
50 138761 176959396
